+---------------------------------------------+
|Month|Tmax_avg|Tmax_stdev|Tmin_avg|Tmin_stdev|
|-----+--------+----------+--------+----------|
|  1  | 7.53088|  1.86366 | 1.81912|  1.75799 |
|  2  | 7.98676|  2.08226 | 1.74853|  1.81120 |
|  3  |10.89853|  1.86463 | 3.23676|  1.46195 |
|  4  |13.91471|  1.63363 | 5.16618|  1.16883 |
|  5  |17.50882|  1.51861 | 8.28824|  1.11790 |
|  6  |20.81618|  1.68422 |11.27500|  0.99392 |
|  7  |22.86618|  2.02135 |13.37794|  1.05560 |
|  8  |22.39265|  1.77018 |13.16765|  1.13866 |
|  9  |19.59265|  1.41962 |11.02941|  1.18032 |
| 10  |15.44559|  1.48066 | 8.10294|  1.54456 |
| 11  |10.77647|  1.31695 | 4.51765|  1.56462 |
| 12  | 8.26912|  1.76823 | 2.57353|  1.81984 |
+---------------------------------------------+
